1	8.6117e-01	8.0786e-01	7.9264e-01	7.5843e-01	7.4214e-01	0.792448
2	8.3152e-01	7.6734e-01	7.2860e-01	7.3806e-01	7.1399e-01	0.755902
3	7.7711e-01	6.1519e-01	6.0759e-01	6.8399e-01	6.0228e-01	0.657232
4	7.6438e-01	6.7729e-01	6.7034e-01	6.4899e-01	6.3830e-01	0.67986
5	8.6626e-01	8.2506e-01	8.3427e-01	7.8636e-01	7.8464e-01	0.819318
6	7.6057e-01	7.7264e-01	7.1988e-01	7.2613e-01	6.2630e-01	0.721104
7	8.4218e-01	7.7931e-01	7.8694e-01	7.4133e-01	7.5329e-01	0.78061
8	7.2597e-01	7.2182e-01	7.1044e-01	6.6584e-01	6.5416e-01	0.695646
9	8.8198e-01	8.4782e-01	8.4053e-01	7.7705e-01	7.8739e-01	0.826954
10	6.9190e-01	6.7540e-01	6.6595e-01	6.5429e-01	5.6338e-01	0.650184
11	8.1905e-01	7.7519e-01	8.1628e-01	7.1930e-01	7.3217e-01	0.772398
12	8.4142e-01	7.9417e-01	7.1909e-01	7.0943e-01	7.3551e-01	0.759924
13	9.0525e-01	8.1294e-01	7.9711e-01	8.0058e-01	7.9502e-01	0.82218
14	6.8730e-01	6.3026e-01	7.0316e-01	6.9473e-01	6.8453e-01	0.679996
15	8.5815e-01	8.3010e-01	8.1393e-01	7.4975e-01	8.1477e-01	0.81334
16	8.9845e-01	8.5191e-01	8.6909e-01	8.1911e-01	7.7495e-01	0.842702
17	8.3572e-01	7.8129e-01	7.4927e-01	7.2579e-01	7.3706e-01	0.765826
18	8.0709e-01	7.4845e-01	7.1688e-01	6.2140e-01	7.0771e-01	0.720306
19	8.4937e-01	7.5375e-01	8.1581e-01	7.3761e-01	7.5034e-01	0.781376
20	8.4893e-01	8.3884e-01	8.3705e-01	7.9433e-01	8.1221e-01	0.826272
21	8.3756e-01	8.0707e-01	7.8955e-01	7.7370e-01	7.4217e-01	0.79001
22	7.6214e-01	7.9933e-01	7.3872e-01	6.6128e-01	6.8960e-01	0.730214
23	8.6118e-01	8.5793e-01	8.7962e-01	8.2167e-01	8.2221e-01	0.848522
24	8.3896e-01	7.3780e-01	7.5460e-01	6.8766e-01	7.1040e-01	0.745884
25	8.2324e-01	7.9091e-01	7.1516e-01	7.1880e-01	6.7852e-01	0.745326
