6.4421e-01
6.4606e-01
7.0665e-01
8.5536e-01
8.2822e-01
6.3875e-01
7.9701e-01
7.5897e-01
7.5940e-01
8.6531e-01
8.2981e-01
8.4376e-01
7.9146e-01
6.7427e-01
8.3969e-01
7.8132e-01
8.0475e-01
7.9906e-01
4.8806e-01
7.0702e-01
6.6728e-01
6.9207e-01
6.2178e-01
8.5041e-01
9.0182e-01
8.6359e-01
8.7790e-01
8.1371e-01
9.1262e-01
8.9079e-01
8.8729e-01
9.0898e-01
7.8190e-01
7.1289e-01
7.5205e-01
8.3676e-01
8.3372e-01
7.8995e-01
8.6322e-01
7.8497e-01
8.1297e-01
8.9590e-01
8.0888e-01
8.0162e-01
7.7824e-01
7.8311e-01
7.7923e-01
8.6187e-01
8.3404e-01
8.7017e-01
7.5963e-01
6.6598e-01
7.9909e-01
8.0282e-01
6.8809e-01
8.2721e-01
7.9184e-01
7.1624e-01
7.6442e-01
8.5475e-01
8.1814e-01
7.7579e-01
8.0924e-01
6.9873e-01
6.6412e-01
8.6441e-01
7.3437e-01
8.0546e-01
