7.8147e-01
7.4106e-01
7.4110e-01
7.6825e-01
7.7520e-01
6.8101e-01
7.2946e-01
7.1877e-01
7.6818e-01
7.8500e-01
7.6598e-01
7.6813e-01
6.9821e-01
7.4141e-01
7.9538e-01
7.9263e-01
7.2667e-01
5.9398e-01
5.1351e-01
6.9274e-01
6.6719e-01
6.5307e-01
7.0049e-01
7.8442e-01
8.3104e-01
7.9295e-01
8.2628e-01
6.9217e-01
8.2801e-01
7.9533e-01
8.2883e-01
7.7762e-01
7.5255e-01
7.1921e-01
6.0192e-01
7.0372e-01
7.6988e-01
7.2102e-01
8.1016e-01
7.8188e-01
7.6355e-01
8.1663e-01
7.8139e-01
6.8384e-01
7.4488e-01
7.0666e-01
7.3143e-01
8.2479e-01
8.0778e-01
8.1062e-01
7.2405e-01
7.0410e-01
7.4376e-01
6.7382e-01
6.4621e-01
8.2133e-01
7.6555e-01
7.2619e-01
5.8255e-01
7.5990e-01
7.8382e-01
7.9753e-01
7.6940e-01
6.7333e-01
6.7344e-01
7.6027e-01
7.3669e-01
7.4624e-01
