8.1337e-01
8.1152e-01
8.0167e-01
8.0119e-01
8.3628e-01
7.3134e-01
8.0074e-01
7.9003e-01
8.0918e-01
8.5103e-01
8.0078e-01
8.2152e-01
6.8094e-01
7.7806e-01
8.5006e-01
7.9156e-01
6.5550e-01
6.2216e-01
5.5143e-01
8.1308e-01
7.8074e-01
7.0311e-01
7.5238e-01
8.1665e-01
8.7615e-01
8.2513e-01
8.3475e-01
8.4174e-01
8.7595e-01
8.5736e-01
8.7821e-01
8.3647e-01
8.1140e-01
7.4942e-01
7.0330e-01
7.6029e-01
8.2645e-01
8.0157e-01
8.5895e-01
7.9850e-01
7.7072e-01
8.6274e-01
8.3094e-01
7.3516e-01
7.7414e-01
7.7405e-01
7.9341e-01
8.4932e-01
8.2697e-01
8.1266e-01
8.1161e-01
7.4902e-01
7.9582e-01
7.3944e-01
7.5552e-01
8.4370e-01
8.4225e-01
7.9640e-01
6.9712e-01
8.1919e-01
8.3021e-01
8.3856e-01
7.9514e-01
7.3221e-01
7.0857e-01
8.3258e-01
7.5342e-01
7.7668e-01
