model_id,fold1,fold2,fold3,fold4,fold5,average,batch.name,slope.control,slope.treatment,angle,auc.control,auc.treatment,abc,TGI,mRECIST.control,best.response.control,best.average.response.control,mRECIST.treatment,best.response.treatment,best.average.response.treatment,drug,omics_id
GCRC1715,0.86117,0.80786,0.79264,0.75843,0.74214,0.792448,GCRC1715.Cisplatin,1.12355212037746,-1.05046567044031,2.17401779081778,0.229910714285714,-0.287791495198903,0.517702209484617,-1.01666666666667,SD,8.0,2.3125,PR,-55.5555555555556,-29.238683127572,Cisplatin,SA1029X2_14L
GCRC1735,0.83152,0.76734,0.7286,0.73806,0.71399,0.7559020000000001,GCRC1735.Cisplatin,30.0241457747912,28.39096341676,1.63318235803116,3.40645833333333,6.83435196995465,-3.42789363662132,28.921568627451,PD,629.0,240.645833333333,PD,269.642857142857,126.698908730159,Cisplatin,SA920X2_23R
GCRC1738,0.77711,0.61519,0.60759,0.68399,0.60228,0.657232,GCRC1738.Cisplatin,14.4500834988776,-0.167662909678146,14.6177464085557,3.3348976780795,0.400669642857143,2.93422803522235,29.2682926829268,PD,257.02479338843,97.534435261708,SD,-79.0,27.8645833333333,Cisplatin,SA1030X2_17L
GCRC1828,0.76438,0.67729,0.67034,0.64899,0.6383,0.6798599999999999,GCRC1828.Cisplatin,1.6435846476473,-1.05170766738159,2.69529231502889,0.327602564102564,-0.391300847912418,0.718903412014982,-56.0,SD,15.3846153846154,3.84615384615385,SD,-47.1074380165289,-38.2043576258452,Cisplatin,SA1027X1_1L
GCRC1834,0.86626,0.82506,0.83427,0.78636,0.78464,0.8193180000000002,GCRC1834.Cisplatin,2.56999979353018,-1.21566653919864,3.78566633272882,0.684842249657064,-0.290325,0.975167249657064,7.34705882352941,PD,79.2592592592593,37.716049382716,PR,-68.75,-22.475,Cisplatin,SA1028X3_3L
GCRC1851,0.76057,0.77264,0.71988,0.72613,0.6263,0.721104,GCRC1851.Cisplatin,12.9982612450414,2.96737607502697,10.0308851700144,2.77559523809524,0.934148351648352,1.84144688644689,-82.18,PD,200.0,81.3333333333333,PD,55.0769230769231,77.2051282051282,Cisplatin,SA994X2_3L
GCRC1863,0.84218,0.77931,0.78694,0.74133,0.75329,0.78061,GCRC1863.Cisplatin,,,,,,,,,,,PR,-80.6153846153846,-21.991452991453,Cisplatin,SA1025X1_2R
GCRC1868,0.72597,0.72182,0.71044,0.66584,0.65416,0.695646,GCRC1868.Cisplatin,4.64519230799839,-1.55624168506593,6.20143399306432,1.19903581267218,-0.406205100574713,1.60524091324689,7.16959064327485,PD,86.2258953168044,67.5792011019284,PR,-71.875,-39.0914351851852,Cisplatin,SA1016X3_3L
GCRC1876,0.88198,0.84782,0.84053,0.77705,0.78739,0.8269540000000001,GCRC1876.Cisplatin,1.26519295386963,-2.56088706514327,3.8260800190129,0.33902814182349,-0.723658647486772,1.06268678931026,7.6588486140725,SD,7.69230769230769,2.42375967228038,CR,-99.537037037037,-69.0650720164609,Cisplatin,SA1017X1_4L
GCRC1882,0.6919,0.6754,0.66595,0.65429,0.56338,0.650184,GCRC1882.Cisplatin,15.0395855451782,-2.50386257321403,17.5434481183922,3.31754230617867,-0.684838371177894,4.00238067735656,-14.8260393873085,PD,169.972451790634,79.8553719008265,CR,-99.9577345731192,-65.2249459941768,Cisplatin,SA1021X2_1L
GCRC1887,0.81905,0.77519,0.81628,0.7193,0.73217,0.772398,GCRC1887.Cisplatin,5.00723424746229,5.67181694511075,-0.664582697648463,1.23224970039829,0.928977777777778,0.303271922620516,4.92719167904903,PD,74.639156180607,33.0145659299989,PD,113.925925925926,50.1234567901235,Cisplatin,SA995X1_5R
GCRC1915,0.84142,0.79417,0.71909,0.70943,0.73551,0.759924,GCRC1915.Cisplatin,19.8097061077863,17.2522598920884,2.55744621569792,4.08312205075883,3.47938420930502,0.603737841453809,-3.98136246786632,PD,223.517408493815,114.299834204821,PD,206.300034806822,130.873651235642,Cisplatin,SA1023X1_2L
GCRC1924,0.90525,0.81294,0.79711,0.80058,0.79502,0.82218,GCRC1924.Cisplatin,9.22167948574163,4.61930563517209,4.60237385056953,1.93433659936123,1.11760233918129,0.816734260179943,-2.15189486552567,PD,111.23531640773,44.9412656309208,PD,102.666666666667,47.3824561403509,Cisplatin,SA993X2_5R
GCRC1939,0.6873,0.63026,0.70316,0.69473,0.68453,0.6799959999999999,GCRC1939.Cisplatin,32.1804341971837,-2.26527650103804,34.4457106982217,5.58340124074591,-0.54577380952381,6.12917505026972,39.6246054090948,PD,473.974962673711,207.63179051338,CR,-99.3333333333333,-67.2142857142857,Cisplatin,SA1024X1_1L
GCRC1944,0.85815,0.8301,0.81393,0.74975,0.81477,0.81334,GCRC1944.Cisplatin,6.36230919943861,0.0673005044718576,6.29500869496676,1.71422422274695,0.0587350780532599,1.65548914469369,inf,PD,173.829201101928,110.365013774105,SD,-31.129476584022,6.07044470680834,Cisplatin,SA1031X1_1R
GCRC1945,0.89845,0.85191,0.86909,0.81911,0.77495,0.8427019999999998,GCRC1945.Cisplatin,7.1325125445342,-0.784800151294583,7.91731269582879,1.59426163245856,0.179174045651318,1.41508758680724,17.2938901778809,PD,106.730998332142,43.0218012866333,SD,-100.0,18.0127723516153,Cisplatin,SA1033X1_2R
GCRC1963,0.83572,0.78129,0.74927,0.72579,0.73706,0.765826,GCRC1963.Cisplatin,9.07734936826896,-2.57339504574806,11.650744414017,1.95415249433107,-0.704938552571688,2.65909104690275,-75.9834254143646,PD,172.371031746032,61.7435515873016,CR,-99.954483386436,-68.5195721438325,Cisplatin,SA992X1_4R
GCRC1971,0.80709,0.74845,0.71688,0.6214,0.70771,0.720306,GCRC1971.Cisplatin,27.3040466512711,2.49388136599883,24.8101652852723,7.3185007953262,0.349520771696252,6.96898002362995,-24.3228374954759,PD,428.291142608788,173.442018058931,SD,-36.094674556213,-15.1534763313609,Cisplatin,SA1019X1_1L
GCRC1979,0.84937,0.75375,0.81581,0.73761,0.75034,0.7813760000000001,GCRC1979.Cisplatin,5.66804922423158,1.64337124933415,4.02467797489743,1.50721053727613,0.240638990638991,1.26657154663714,7.52981651376147,PD,110.64139941691,43.1304664723032,SD,17.3611111111111,10.3098290598291,Cisplatin,SA1032X1_2R
GCRC2001,0.84893,0.83884,0.83705,0.79433,0.81221,0.826272,GCRC2001.Cisplatin,10.027420119184,1.98872495009852,8.03869516908549,2.24262267904509,0.476790214770984,1.76583246427411,-7.49401709401709,PD,116.346153846154,58.6217948717949,SD,10.9467455621302,20.1840894148586,Cisplatin,SA1026X1_4R
GCRC2006,0.83756,0.80707,0.78955,0.7737,0.74217,0.7900099999999999,GCRC2006.Cisplatin,1.53087036472928,-1.8424654611809,3.37333582591019,0.396990740740741,-0.37231777098641,0.769308511727151,-5.6545842217484,SD,16.6666666666667,17.8626543209877,PR,-86.8912152935822,-37.2325898953118,Cisplatin,SA1035X1_8L
GCRC2029,0.76214,0.79933,0.73872,0.66128,0.6896,0.7302139999999999,GCRC2029.Cisplatin,,,,,,,,,,,PD,102.479338842975,55.0550964187328,Cisplatin,SA1037X1_2L
GCRC2047,0.86118,0.85793,0.87962,0.82167,0.82221,0.848522,GCRC2047.Cisplatin,2.4315788759534,-2.29879966867998,4.73037854463338,0.655833333333333,-0.55928117466579,1.21511450799912,-2.64794383149448,PD,68.0,33.0277777777778,CR,-97.0869367319071,-59.1520905130373,Cisplatin,SA1038X1_2L
GCRC2061,0.83896,0.7378,0.7546,0.68766,0.7104,0.745884,GCRC2061.Cisplatin,,,,,,,,,,,CR,-99.9465811965812,-70.9164292497626,Cisplatin,SA1040X1_1L
GCRC2076,0.82324,0.79091,0.71516,0.7188,0.67852,0.745326,GCRC2076.Cisplatin,30.3623824332237,10.0193004969557,20.3430819362679,4.74607597358141,1.11387602880658,3.63219994477483,26.6387002909796,PD,525.498368974266,228.916727075027,PD,251.215277777778,60.6047453703704,Cisplatin,SA1041X2_1
