model.id,fold1,fold2,fold3,fold4,fold5,average,batch.name,TGI,abc,angle,auc.control,auc.treatment,slope.control,slope.treatment,BR_median,BAR_median,mRECIST,n_replicates,drug.id
INSB014,0.64632,0.78934,0.81549,0.74246,0.78137,0.754996,INSB014.CARBOPLATIN,0.6941527852855257,4789.137542714583,2.2922604040074672,15156.79034478125,10367.652802066666,84.12952232503268,19.252985231214613,20.372397852954528,54.18991865898166,PD,3,CARBOPLATIN
INSB019,0.5858,0.77438,0.76466,0.71029,0.69211,0.705448,INSB019.CARBOPLATIN,0.4697698415737946,1920.7702230714267,28.617290693116296,6657.147894321427,4736.37767125,9.095318624271982,1.4339159308736211,-7.251576187333686,-2.494841962442551,SD,1,CARBOPLATIN
REF001,0.80078,0.81714,0.82188,0.73989,0.769,0.789738,REF001.CARBOPLATIN,0.6159016098541216,1659.9738967678563,53.18694035248949,5270.584902517857,3610.611005750001,7.5001782713406,0.5593070944142049,-41.81151820119151,-18.77869724852278,SD,3,CARBOPLATIN
REF002,0.72659,0.73987,0.76568,0.68392,0.69489,0.7221900000000001,REF002.CARBOPLATIN,0.6260541987082531,1769.0251201590909,5.206130701963644,7614.3480324090915,5845.322912250001,9.282509202869004,4.979691059210898,-7.513016959150298,2.383953171059927,SD,3,CARBOPLATIN
REF003,0.79558,0.82723,0.80872,0.74556,0.73972,0.783362,REF003.CARBOPLATIN,0.1296475686178799,374.8596421071434,16.22754553423475,3419.584078857143,3044.72443675,0.4821832737170713,0.1676125000789638,-32.67567496501502,-19.13523384162693,SD,1,CARBOPLATIN
REF004,0.63875,0.744,0.73134,0.70574,0.68101,0.700168,REF004.CARBOPLATIN,-0.3415384429015737,-7031.483139949998,0.0288160673282571,9527.9160253,16559.399165249997,36.3777925710234,35.723700393895335,10.008351964261486,74.0612576208269,PD,1,CARBOPLATIN
REF005,0.7854,0.77241,0.7907,0.74463,0.73186,0.765,REF005.CARBOPLATIN,0.4869964053679749,2778.6746792071417,0.891654435110805,8345.013075778572,5566.33839657143,17.64703448617268,13.832393989394005,-3.825959087969033,12.661309432707736,SD,7,CARBOPLATIN
REF006,0.83441,0.78549,0.81888,0.7528,0.75484,0.789284,REF006.CARBOPLATIN,0.5285869804785682,2315.926737443182,17.465009214068903,6018.138359818182,3702.211622375,6.899597156122261,2.076751417454534,-13.90083164500806,-1.3735155891125943,SD,2,CARBOPLATIN
REF007,0.72841,0.76482,0.79247,0.7383,0.73738,0.752276,REF007.CARBOPLATIN,0.5411213144887298,3121.737888428571,4.9444435883325895,7474.006142178571,4352.26825375,11.492581116405702,5.7194996648671985,-21.76412142765387,11.267540411223198,SD,1,CARBOPLATIN
REF009,0.81776,0.7999,0.79707,0.74699,0.69687,0.771718,REF009.CARBOPLATIN,0.799225952397142,1446.8217211874994,56.761277060723195,5298.452736520833,3851.631015333334,5.5937514438654965,0.4265975336575735,-69.76301333814061,-57.53075213307201,PR,3,CARBOPLATIN
REF010,0.79374,0.79421,0.79325,0.7201,0.76135,0.7725299999999999,REF010.CARBOPLATIN,0.1476230701828869,933.8482945340912,1.375658362710046,5284.445516159091,4350.597221625,5.820379374047402,5.085544160268425,7.971590337484547,35.392222393378475,PD,2,CARBOPLATIN
REF013,0.82664,0.82457,0.82617,0.76275,0.77438,0.8029020000000001,REF013.CARBOPLATIN,0.1875669375479777,2267.4679529107125,0.1561337116935407,15553.548243285712,13286.080290375,51.17899632038109,44.91252238738736,165.35952537762176,213.02612112699904,PD,2,CARBOPLATIN
REF014,0.76487,0.69688,0.71133,0.68288,0.69918,0.711028,REF014.CARBOPLATIN,0.1658710075823405,726.2260933750008,4.228751302927492,4253.605065875,3527.3789724999992,4.207482610566851,3.1527263302176043,-16.632679000854633,15.39323177399574,SD,3,CARBOPLATIN
REF016,0.63581,0.76199,0.73933,0.66449,0.67252,0.694828,REF016.CARBOPLATIN,0.7893929566803763,6671.00942593214,21.896666160774224,13968.41795073214,7297.4085248,33.88984903897709,2.2903452048184447,-10.285251753167136,-7.182489154134519,SD,5,CARBOPLATIN
REF019,0.83289,0.76106,0.82755,0.72993,0.75046,0.780378,REF019.CARBOPLATIN,0.6929764981099391,2749.6095986517867,28.73358423570207,8759.438519839287,6009.8289211875,25.707740819024895,1.6668354007167956,-6.262412729880024,2.3340605014553537,SD,4,CARBOPLATIN
REF020,0.84306,0.78944,0.80071,0.76178,0.79151,0.7973,REF020.CARBOPLATIN,0.8080611855639799,5944.49044078125,66.66800279667552,10750.37252978125,4805.882089000001,25.59036158088439,0.3857511168407628,-44.26192167975521,-25.149562749444357,SD,4,CARBOPLATIN
REF022,0.82657,0.75667,0.75709,0.75781,0.77153,0.773934,REF022.CARBOPLATIN,-0.1932183761868915,-719.5618311726193,-4.0724773992000936,6829.424601619047,7548.986432791667,6.197435371495009,11.21894038339,19.060447769808587,77.03985683474332,PD,6,CARBOPLATIN
REF023,0.75951,0.75495,0.76499,0.71747,0.71188,0.74176,REF023.CARBOPLATIN,0.1041217598789572,1036.9838703611113,0.6476889127834221,6932.445246861111,5895.4613764999995,7.278152129508091,6.71440025935542,19.59406033633573,36.769693952948515,PD,2,CARBOPLATIN
REF024,0.57952,0.67154,0.70766,0.65691,0.64066,0.651258,REF024.CARBOPLATIN,0.5037822601653268,783.9047883333333,95.69599152477096,2942.7063165833333,2158.80152825,1.3024229487160988,-0.9394907624707716,-84.91967885841746,-78.03113710238591,PR,1,CARBOPLATIN
REF025,0.72596,0.83314,0.81742,0.73528,0.73274,0.768908,REF025.CARBOPLATIN,0.8740705699002865,1284.399381392857,140.10031083557354,3456.3997573928573,2172.000376,5.195798687352135,-1.8036341721384208,-85.521465339246,-78.90781370408678,PR,1,CARBOPLATIN
REF030,0.75671,0.79982,0.81628,0.72678,0.69738,0.759394,REF030.CARBOPLATIN,0.4733916240584046,865.2217385000004,15.799286451874329,5080.86494,4215.6432015,8.860398302752296,2.445721355648535,-18.22220777815885,20.986470283405477,SD,1,CARBOPLATIN
REF035,0.6744,0.68059,0.71802,0.70733,0.66737,0.689542,REF035.CARBOPLATIN,0.3765872119434035,4958.2052105791645,1.4140378001155869,10691.224743266665,5733.0195326875,21.603733433159793,14.073781244377365,36.94306560020404,88.58476761897327,PD,4,CARBOPLATIN
REF036,0.65804,0.77545,0.74547,0.69063,0.70324,0.714566,REF036.CARBOPLATIN,0.4125250180567398,3901.752888750001,2.4081412944726406,12616.589569875,8714.836681125,22.95745405087089,11.658990716227107,72.13922415565679,130.41645405931516,PD,2,CARBOPLATIN
REF037,0.81716,0.77503,0.78966,0.7341,0.76941,0.777072,REF037.CARBOPLATIN,-0.1318539373749421,450.153179500001,-0.9634674544253992,10317.7928445,9867.639665,22.24456733691674,35.56658814840182,315.9760093303225,455.3041156090373,PD,1,CARBOPLATIN
REF041,0.89201,0.8503,0.85969,0.80419,0.81983,0.8452039999999998,REF041.CARBOPLATIN,0.1176737936611436,-1517.9244115,39.32726699538909,4280.5438515000005,5798.468263000001,2.077503063629889,0.4656497976766706,-0.5279676190670601,3.696105957331164,SD,1,CARBOPLATIN
REF042,0.86359,0.80091,0.82513,0.75733,0.79295,0.807982,REF042.CARBOPLATIN,,,,,12975.49050725,,19.562315353031465,65.42429295871457,111.30234481960568,PD,1,CARBOPLATIN
REF043,0.87073,0.85721,0.85048,0.83346,0.8275,0.847876,REF043.CARBOPLATIN,0.4932278272725099,3332.804334624998,2.900622658360025,16593.663172624998,13260.858838,41.61596151743311,13.370948549874264,143.41840945303454,164.79570580392746,PD,1,CARBOPLATIN
REF044,0.7439,0.77177,0.80644,0.7534,0.63734,0.7425700000000001,REF044.CARBOPLATIN,0.4845968389377756,8361.45941238889,1.2104286028221964,16362.16561088889,8000.7061985,48.07658422557168,23.839214952479992,78.29175805197302,162.95681777429382,PD,2,CARBOPLATIN
REF047,0.90515,0.8645,0.86913,0.81319,0.8176,0.853914,REF047.CARBOPLATIN,0.5108733464134805,5035.897029346152,3.96598132084019,11088.520349346152,6052.623320000001,24.77399489979568,9.090665589376226,37.89169350259256,85.25780796207009,PD,2,CARBOPLATIN
REF048,0.89302,0.851,0.85601,0.81607,0.79278,0.841776,REF048.CARBOPLATIN,0.9147769695848478,6975.169846836539,163.36629867018922,11223.02626346154,4247.856416625,57.33449147157175,-3.573294501104942,-67.99999471077884,-64.50947808709569,PR,2,CARBOPLATIN
REF052,0.87459,0.84814,0.87173,0.80894,0.80836,0.842352,REF052.CARBOPLATIN,-1.5729497540663284,-5311.322153083335,-4.270988973773242,6577.299798916666,11888.621952,8.789517869411844,25.798897547721413,-43.66676033294205,47.10642207021314,PD,1,CARBOPLATIN
REF057,0.9023,0.79471,0.78961,0.77424,0.73976,0.800124,REF057.CARBOPLATIN,0.4409381781090684,2334.187173499999,6.3447148396283595,5922.278599249999,3588.0914257500003,6.26110028759217,3.6257448132036862,18.549764570870565,47.293353860897255,PD,1,CARBOPLATIN
REF062,0.68809,0.67089,0.70475,0.70284,0.67961,0.689236,REF062.CARBOPLATIN,0.1162712860669237,1225.2431778750015,0.3807932812495372,13507.390501125,12282.14732325,49.86456001422629,37.44746572896976,50.59651071312879,203.6391466346056,PD,1,CARBOPLATIN
REF063,0.75205,0.6847,0.7033,0.75676,0.60193,0.6997479999999999,REF063.CARBOPLATIN,0.3663476658677173,10992.169367583336,-0.1152020552727507,16659.610397583336,5667.44103,73.44766100711416,86.1759779285714,35.46908979473622,406.2237494417031,PD,1,CARBOPLATIN
S100534,0.81341,0.7589,0.77221,0.70196,0.71413,0.752122,100534.CARBOPLATIN,0.615181083710816,2060.1892563499996,47.724746217865416,6240.1713486,4179.98209225,8.704756127237895,0.7191515504698911,-79.73462329538705,-43.91812169942562,PR,2,CARBOPLATIN
S100672,0.74851,0.65845,0.67543,0.70883,0.62417,0.683078,100672.CARBOPLATIN,0.5463002390883365,2075.6308363749995,140.74267655183337,5569.932521375,3494.3016850000004,6.512747857407424,-1.695766428571429,-82.30742083718077,-74.00222930183406,PR,1,CARBOPLATIN
S104987,0.77871,0.81443,0.82569,0.74178,0.74453,0.781028,104987.CARBOPLATIN,0.2038628229322574,88.95743849999963,1.4078321187007854,6374.12135325,6285.16391475,16.981290435483878,11.963788780311456,71.36622154855867,116.94636882633374,PD,1,CARBOPLATIN
S108045,0.86441,0.85634,0.86092,0.79844,0.80765,0.837552,108045.CARBOPLATIN,0.4089638790507132,11134.575100499998,0.4538046688258935,21398.08456425,10263.50946375,45.07969504338353,33.21290596718577,70.17719181708395,183.51306565017228,PD,1,CARBOPLATIN
S108099,0.77774,0.67856,0.76639,0.73985,0.76861,0.7462300000000001,108099.CARBOPLATIN,0.1565285374743983,-2443.4182010000004,92.83268744299076,3448.9019630000003,5892.320164000001,3.635256855939717,-0.3290424165946414,-42.8084359268745,-30.406495333980978,SD,1,CARBOPLATIN
S16720,0.82585,0.82391,0.80333,0.77329,0.78592,0.80246,16720.CARBOPLATIN,-0.1196005787829079,-294.5172004583346,-1.004071006123603,6763.698935458332,7058.216135916667,9.09556035012077,10.841298489940264,21.45249181893587,89.62214970067417,PD,3,CARBOPLATIN
S178200,0.84288,0.82634,0.818,0.70603,0.79477,0.797604,178200.CARBOPLATIN,0.279208492553471,1415.533818500002,0.2231983577659509,10839.48328525,9423.949466749998,30.8122853952902,27.506722466718873,-0.8395729266773122,62.734719999662424,PD,1,CARBOPLATIN
S18674,0.82271,0.85167,0.83131,0.78091,0.79321,0.8159620000000001,18674.CARBOPLATIN,0.8090323842675543,7019.999011931819,130.77316713554632,10046.96574193182,3026.96673,10.548012579177136,-1.042385436266834,-59.40137938380422,-51.8487505505853,PR,1,CARBOPLATIN
S20710,0.83813,0.83677,0.8367,0.76594,0.77947,0.811402,20710.CARBOPLATIN,0.1941486848787444,-626.6507225625,8.03395038426975,5708.2546121875,6334.90533475,3.8310192541892754,2.394887337395544,-8.883405499125558,-1.681734116697231,SD,2,CARBOPLATIN
S241417,0.77555,0.7989,0.76986,0.75338,0.73005,0.765548,241417.CARBOPLATIN,0.3517478283258994,1671.0826831562508,14.08661825482066,7478.996264156251,5807.913581,10.318368133273388,2.804898268263489,6.161720219360689,17.561486059830873,SD,2,CARBOPLATIN
S28077,0.80196,0.7241,0.81318,0.72507,0.77951,0.7687640000000001,28077.CARBOPLATIN,0.3648990362735343,1730.8468784285717,4.320208227699771,5684.205141678572,3953.35826325,4.616542713900957,3.36680166606583,1.3261150895386151,11.36537986484447,SD,1,CARBOPLATIN
S38807,0.78334,0.79626,0.79401,0.74474,0.72502,0.7686740000000001,38807.CARBOPLATIN,0.9627680086742758,2862.355272402778,152.63965452733018,4467.959332027778,1605.604059625,3.7926833797547865,-4.477566708722598,-96.33201066335069,-96.33201066335069,CR,2,CARBOPLATIN
S44205,0.82317,0.78505,0.80449,0.78366,0.81003,0.80128,44205.CARBOPLATIN,0.1477349768302941,237.67066997222355,17.994921649354154,5804.537592722223,5566.8669227499995,3.572164366795368,1.503179100734214,9.66090967221916,15.762503487380735,SD,2,CARBOPLATIN
S44441,0.82126,0.82925,0.811,0.69455,0.77805,0.786822,44441.CARBOPLATIN,0.3924410778395391,-359.03437594999923,17.399754788726437,5361.35355455,5720.387930499999,8.552973168885785,2.2388389085545715,25.082659831567145,29.284925291344894,SD,1,CARBOPLATIN
S47904,0.88595,0.84396,0.85405,0.80709,0.8229,0.8427900000000002,47904.CARBOPLATIN,0.9869475908849974,7451.085889419115,164.3611075399612,10620.607938794115,3169.522049375,16.434961622519015,-4.642057982139067,-99.79008231292346,-98.8104664398996,CR,2,CARBOPLATIN
S48041,0.79198,0.80667,0.83703,0.74407,0.75498,0.786946,48041.CARBOPLATIN,0.6037977943114666,703.0026246250004,89.19019902077532,3997.052273125,3294.0496485,3.582082061231574,-0.2639909269573519,-21.746948117780978,-7.969411703833062,SD,1,CARBOPLATIN
S48342,0.86779,0.84131,0.84988,0.82269,0.82635,0.841604,48342.CARBOPLATIN,0.2318700941178223,-212.35527119642757,0.6242085678941551,14087.31916730357,14299.674438499998,52.8781423209291,33.54300625381059,24.63064345583326,105.1236946272053,PD,1,CARBOPLATIN
S48602,0.74633,0.76412,0.78088,0.73459,0.72662,0.7505080000000001,48602.CARBOPLATIN,0.4447459315207289,1337.111779482142,53.130567124377926,5400.585918607142,4063.474139125,5.329799948075417,0.4929913290259637,-19.751917343244543,-1.5441794097406856,SD,2,CARBOPLATIN
S53782,0.80282,0.7819,0.73944,0.69378,0.67383,0.738354,53782.CARBOPLATIN,0.6775018137425937,1891.6851018333332,72.25791892112089,5252.721727333334,3361.0366255000004,5.663474390772073,0.1357131715500941,-3.0480142740559213,8.748057514930663,SD,1,CARBOPLATIN
S66684,0.71062,0.70836,0.73539,0.7559,0.58936,0.699926,66684.CARBOPLATIN,0.766724644625122,1485.2320295625004,153.5127942221769,4551.8261290625005,3066.5940995,4.741126048163758,-3.845405758655804,-96.18650677986184,-81.09880252149824,CR,1,CARBOPLATIN
S66817,0.66846,0.72625,0.73821,0.70155,0.71554,0.710002,66817.CARBOPLATIN,0.3953534661899451,389.2128483749998,-13.556581461958409,3281.17217825,2891.959329875,-6.719396225332386,-2.472430625608062,-36.81831125438893,-28.94634159674731,SD,2,CARBOPLATIN
S67455,0.78797,0.79969,0.83896,0.7688,0.76257,0.7915980000000001,67455.CARBOPLATIN,0.3862071909904676,-1067.4164007499994,-59.978171146535715,3027.40843475,4094.8248355,-0.1910728440217546,1.1569135874443033,-17.797680565976748,-15.715461240219486,SD,1,CARBOPLATIN
S67990,0.71806,0.76348,0.74685,0.69373,0.69145,0.7227140000000001,67990.CARBOPLATIN,-0.1032538972527403,-827.8603981666665,1.1383855672230925,6383.89914875,7211.759546916666,8.398869516316326,7.18058988643102,9.926684267614228,24.438487991506385,SD,3,CARBOPLATIN
S69196,0.793,0.74408,0.76955,0.70826,0.69551,0.7420800000000001,69196.CARBOPLATIN,0.7054766994972375,3968.2016757105266,99.92121761415513,6357.655840210527,2389.4541645,7.130250029438083,-0.3230825162587998,-36.68522599468156,-29.33865828016228,SD,1,CARBOPLATIN
S70620,0.85378,0.82752,0.83092,0.73069,0.78096,0.8047740000000001,70620.CARBOPLATIN,-0.160359374610766,-2016.8146214285723,-0.9151780276988762,5904.867230571428,7921.681852000001,7.3610979520919235,8.36012090438627,17.831853085984964,31.19994218476988,PD,2,CARBOPLATIN
S71208,0.84564,0.84136,0.82831,0.78639,0.7824,0.8168199999999999,71208.CARBOPLATIN,0.3404716375146994,362.33857278846153,-18.916975678942944,4242.492901288461,3880.1543285,0.7596236535119721,1.490298921189024,21.28344396019277,24.832746526205508,SD,1,CARBOPLATIN
S71335,0.71645,0.7469,0.80235,0.74032,0.73692,0.748588,71335.CARBOPLATIN,-0.6548521248837484,2279.5352176666656,-1.724214033380879,10003.822711166666,7724.2874935,25.626711365100658,112.24579260038908,82.05986201981304,86.67722749447493,PD,2,CARBOPLATIN
S71732,0.6564,0.66237,0.69619,0.64714,0.68571,0.669562,71732.CARBOPLATIN,0.70264231204549,6977.288258821427,3.190047298561111,16270.539357821428,9293.251099,73.88505373709128,14.42558892027801,77.73037756255317,122.69466778401934,PD,2,CARBOPLATIN
S72955,0.69873,0.72684,0.73221,0.6754,0.67333,0.7013019999999999,72955.CARBOPLATIN,-0.5793815414870738,-2351.714501562501,-0.2978948325813687,9247.2571324375,11598.971634,48.773798356583626,65.35141309922311,30.786001780284067,66.20868756454952,PD,2,CARBOPLATIN
S73230,0.66412,0.70318,0.70857,0.68707,0.67344,0.687276,73230.CARBOPLATIN,0.5199182857746647,-823.9711132105276,70.87546270757733,7030.962177289473,7854.933290500001,13.26678142913286,0.2644718574226055,-35.81991400263832,-26.669312686575996,SD,2,CARBOPLATIN
S73263,0.66987,0.75243,0.76749,0.74396,0.66864,0.720478,73263.CARBOPLATIN,0.9958919351982832,5974.504791340911,168.4949457010756,7507.646054090911,1533.14126275,22.966380956536245,-6.305302791114744,-99.57483657869436,-99.57483657869436,CR,2,CARBOPLATIN
S73471,0.70742,0.69685,0.74913,0.73462,0.73845,0.7252940000000001,73471.CARBOPLATIN,0.653106566077359,3605.9815703152176,60.32854866797961,7699.344161065218,4093.36259075,15.616491764558772,0.4878952009669967,-12.25373078206312,-7.752272770088342,SD,5,CARBOPLATIN
S85277,0.81881,0.75638,0.81439,0.73465,0.77852,0.78055,85277.CARBOPLATIN,0.5422757003974368,4504.002563425,5.976727931094108,9140.6011768,4636.598613374999,20.554266361625345,6.488014524407784,-7.693202066804794,10.675722306076397,SD,2,CARBOPLATIN
