7.4044e-01
7.5088e-01
7.3704e-01
7.5694e-01
7.7711e-01
7.0574e-01
7.5095e-01
7.0033e-01
7.6187e-01
8.0418e-01
7.6740e-01
7.6403e-01
6.8915e-01
7.7953e-01
7.4480e-01
7.3775e-01
7.3698e-01
7.4396e-01
6.2314e-01
7.6150e-01
6.9312e-01
7.0207e-01
6.9300e-01
7.4600e-01
8.2177e-01
7.5733e-01
8.0872e-01
8.0428e-01
8.2464e-01
8.1591e-01
8.3042e-01
7.8840e-01
7.5573e-01
7.0421e-01
7.5676e-01
7.1109e-01
7.7253e-01
7.3905e-01
8.0486e-01
7.6924e-01
7.6933e-01
7.8248e-01
7.6745e-01
6.7763e-01
7.7103e-01
6.8329e-01
7.4641e-01
8.1859e-01
7.4261e-01
8.0110e-01
7.3301e-01
6.9610e-01
7.4870e-01
6.9378e-01
6.8468e-01
8.0197e-01
7.7242e-01
7.0911e-01
7.2643e-01
7.3152e-01
7.8350e-01
7.7559e-01
7.3104e-01
6.7540e-01
6.8707e-01
8.2643e-01
6.7204e-01
7.2711e-01
