7.7665e-01
7.7802e-01
7.9591e-01
8.0871e-01
8.3948e-01
7.4400e-01
7.9736e-01
7.2174e-01
7.6176e-01
8.4713e-01
8.0553e-01
8.2793e-01
6.1497e-01
8.1732e-01
7.9278e-01
7.7568e-01
6.4541e-01
6.6739e-01
6.1691e-01
8.2126e-01
7.3316e-01
6.3652e-01
7.2260e-01
8.0145e-01
8.6107e-01
8.0091e-01
8.3963e-01
8.1590e-01
8.6671e-01
8.4830e-01
8.6341e-01
8.3511e-01
7.6101e-01
7.0492e-01
6.8470e-01
7.7045e-01
8.2925e-01
7.8416e-01
8.5389e-01
7.1416e-01
8.1743e-01
8.6027e-01
8.4392e-01
7.3972e-01
8.0705e-01
6.5956e-01
7.9696e-01
8.2704e-01
8.4053e-01
8.2953e-01
7.8485e-01
6.4790e-01
7.7816e-01
7.8190e-01
7.0309e-01
8.2424e-01
8.0924e-01
7.6722e-01
7.0773e-01
8.2320e-01
8.3208e-01
7.9746e-01
8.0635e-01
7.2684e-01
7.0318e-01
8.2108e-01
6.3031e-01
7.3742e-01
